set,7JMO,7JMO_A,7JMO_A_3d_domain_1,7JMO_A_3d_domain_2,7JMO_H,7JMO_H_3d_domain_1,7JMO_H_3d_domain_2,7JMO_L,7JMO_L_3d_domain_1,7JMO_L_3d_domain_2,7JMO_Misc,chemicals,proteins,water
7JMO,0.0,31.85,36.31,25.61,17.03,12.12,35.12,18.39,13.01,33.36,2.17,46.22,0.14,2.17
7JMO_A,31.85,0.0,6.75,16.23,47.13,32.76,66.75,48.76,35.84,64.0,31.55,19.84,31.99,31.55
7JMO_A_3d_domain_1,36.31,6.75,0.0,22.98,51.65,37.58,70.99,52.79,40.85,67.32,36.31,15.37,36.45,36.31
7JMO_A_3d_domain_2,25.61,16.23,22.98,0.0,39.0,25.11,58.52,42.03,27.09,58.51,24.33,33.85,25.74,24.33
7JMO_H,17.03,47.13,51.65,39.0,0.0,16.08,20.66,18.1,24.17,25.85,16.85,62.78,16.91,16.85
7JMO_H_3d_domain_1,12.12,32.76,37.58,25.11,16.08,0.0,36.74,27.26,22.84,39.64,10.84,50.34,12.12,10.84
7JMO_H_3d_domain_2,35.12,66.75,70.99,58.52,20.66,36.74,0.0,23.52,37.73,16.32,35.45,80.68,34.98,35.45
7JMO_L,18.39,48.76,52.79,42.03,18.1,27.26,23.52,0.0,17.09,17.44,19.4,60.02,18.28,19.4
7JMO_L_3d_domain_1,13.01,35.84,40.85,27.09,24.17,22.84,37.73,17.09,0.0,34.53,12.88,47.8,13.02,12.88
7JMO_L_3d_domain_2,33.36,64.0,67.32,58.51,25.85,39.64,16.32,17.44,34.53,0.0,34.55,74.51,33.23,34.55
7JMO_Misc,2.17,31.55,36.31,24.33,16.85,10.84,35.45,19.4,12.88,34.55,0.0,46.55,2.21,0.0
chemicals,46.22,19.84,15.37,33.85,62.78,50.34,80.68,60.02,47.8,74.51,46.55,0.0,46.35,46.55
proteins,0.14,31.99,36.45,25.74,16.91,12.12,34.98,18.28,13.02,33.23,2.21,46.35,0.0,2.21
water,2.17,31.55,36.31,24.33,16.85,10.84,35.45,19.4,12.88,34.55,0.0,46.55,2.21,0.0
